24
31
30
29
33
35
38
41
40
36
33
44
45
55
51
50
47
49
41
43
49
37
45
40
49
45
46
45
36
44
40
37
39
39
46
43
47
45
44
44
42
41
40
33
37
33
29
27
23
21
33
34
33
36
41
46
38
41
44
51
43
50
42
39
48
34
46
47
42
41
37
33
30
33
30
30
32
34
33
34
33
32
31
33
34
27
30
33
29
33
33
30
29
34
31
29
24
22
21
18
26
27
27
31
29
33
36
35
32
30
32
31
35
30
37
39
37
38
40
38
38
35
37
36
33
39
34
38
36
36
33
38
37
39
35
31
40
36
35
34
33
37
34
33
31
28
29
25
23
22
29
27
29
33
34
32
37
34
34
40
39
35
36
33
37
33
38
35
38
37
36
33
37
32
35
33
40
37
31
32
35
35
36
34
39
36
43
38
41
40
41
43
35
37
35
30
26
29
24
27
30
29
34
31
32
35
40
35
41
41
40
40
48
47
47
47
48
51
43
55
54
58
53
49
51
49
47
43
35
39
45
31
35
35
36
32
34
36
33
38
34
33
38
35
28
39
26
25
23
22
20
21
27
27
28
32
31
32
32
32
34
32
30
36
34
35
40
34
35
42
40
41
40
36
33
44
39
41
40
37
35
37
35
32
30
29
29
31
31
34
34
29
35
33
29
27
26
23
21
21
27
28
26
30
32
32
32
36
34
35
34
35
37
36
34
34
32
36
32
32
33
32
32
32
34
33
37
35
34
34
36
35
40
37
33
37
36
38
37
36
36
37
35
34
30
31
27
26
21
20
25
29
31
35
37
38
37
39
38
36
43
39
41
36
39
32
43
34
41
33
35
34
36
35
40
36
33
31
38
31
34
34
32
34
31
33
30
28
34
35
34
34
28
35
28
25
26
23
21
25
23
29
28
31
32
28
32
32
39
35
36
36
38
37
31
32
32
32
37
34
33
33
33
33
34
34
34
33
34
31
33
34
36
28
33
32
32
34
35
38
33
33
31
29
30
28
25
27
23
20
23
22
25
33
30
31
33
33
36
28
37
29
32
33
33
31
30
32
34
31
31
32
31
31
32
31
32
29
24
30
31
30
33
31
26
34
31
33
34
29
29
30
32
36
27
35
27
27
26
25
30
33
33
42
36
41
37
41
42
35
41
35
33
37
34
34
31
41
39
31
36
34
37
29
38
34
31
32
39
36
38
33
37
37
34
32
33
33
37
35
34
29
29
33
29
25
23
26
20
21
22
27
31
27
32
31
36
33
35
36
32
36
36
38
34
35
41
41
39
39
37
37
34
38
35
41
41
43
41
47
39
40
31
33
33
36
30
36
29
31
33
31
32
28
32
29
25
24
20
20
48
47
50
53
46
44
36
43
44
34
41
36
37
34
42
31
36
40
36
38
37
41
33
38
36
31
32
38
40
33
35
38
36
32
35
36
41
36
35
40
33
38
37
31
36
33
29
26
24
23
27
27
28
35
33
36
39
33
39
35
33
41
39
45
49
45
48
41
39
38
40
48
56
63
42
54
45
43
42
43
40
47
29
37
34
42
37
46
38
35
37
35
35
37
32
36
25
24
20
19
26
24
28
29
35
35
33
31
36
35
31
39
37
35
40
33
44
45
35
43
30
34
38
30
30
31
31
28
25
29
34
33
31
37
33
35
43
29
36
39
38
35
33
31
26
29
24
25
22
20
26
30
44
49
43
39
40
39
36
41
32
40
38
41
40
37
33
34
28
26
33
28
34
30
33
34
31
34
34
41
38
38
35
36
33
34
35
30
37
35
30
37
29
34
29
26
23
22
22
22
25
26
24
30
30
32
35
35
31
27
28
34
34
30
34
30
27
33
31
30
34
36
29
31
30
30
34
31
31
32
33
34
34
38
32
30
41
32
38
33
31
34
31
29
27
33
22
28
21
20
26
30
29
31
29
31
35
32
32
32
34
33
36
33
31
35
32
35
32
32
34
35
36
36
36
36
36
37
39
33
36
35
35
35
39
40
38
40
39
38
30
38
34
44
30
26
26
21
22
19
24
27
30
32
31
29
37
33
34
33
34
36
36
35
26
32
25
24
22
21
