23
26
27
25
29
29
25
28
28
24
28
27
27
25
24
25
29
27
26
27
31
32
31
30
29
36
30
30
30
29
36
26
25
26
36
36
27
26
26
28
26
28
27
30
35
31
31
34
35
35
29
28
31
29
24
27
27
25
29
30
33
27
32
27
30
29
31
26
26
32
27
33
31
27
29
27
27
24
24
31
27
25
27
26
29
32
30
34
32
25
30
27
30
31
31
23
33
27
31
29
28
32
30
30
26
31
25
25
24
29
29
30
28
28
28
29
31
30
25
34
27
27
23
28
26
32
32
34
36
37
26
23
28
28
27
26
30
29
30
31
29
29
28
26
27
33
32
32
38
32
35
35
37
33
31
41
38
39
38
43
29
32
30
33
36
36
39
37
40
31
43
31
31
31
30
35
35
34
31
26
27
26
28
29
30
27
34
33
31
28
30
32
30
30
30
29
22
22
22
21
