41
37
36
40
39
39
39
39
35
33
36
37
38
39
66
55
33
36
38
38
36
43
37
37
43
39
38
37
42
42
38
35
36
37
39
39
38
35
38
44
38
41
35
37
39
42
39
38
40
40
37
37
39
39
36
40
38
34
37
37
38
31
32
33
35
34
36
37
40
39
37
33
35
33
32
34
36
31
35
35
35
34
35
38
33
35
37
31
32
31
34
35
37
38
37
38
39
78
32
33
36
37
38
40
66
32
34
38
33
34
37
37
37
35
38
31
34
35
35
37
38
39
36
39
37
37
38
38
40
39
42
34
37
37
33
36
36
37
36
37
37
35
37
37
38
37
40
38
38
39
42
37
38
39
38
38
36
36
34
37
36
36
37
36
36
37
40
39
38
39
39
38
36
36
38
36
36
35
36
37
39
34
33
35
30
36
37
41
38
30
32
35
32
34
35
37
37
36
37
40
38
38
39
39
37
39
38
38
35
34
36
37
37
34
36
37
39
31
33
35
37
38
38
39
39
38
39
39
39
38
40
44
35
36
37
38
38
39
36
36
38
38
37
39
38
40
36
36
36
36
39
34
31
37
35
36
35
36
37
34
30
35
29
29
31
33
30
32
33
37
33
35
35
33
35
35
31
32
31
33
35
36
29
34
30
32
29
34
35
34
35
37
39
37
34
31
32
35
37
38
35
35
35
37
36
37
38
34
37
35
72
31
35
34
36
35
34
35
37
36
37
37
39
36
37
38
37
39
36
40
32
33
35
35
36
33
34
37
37
39
37
38
38
38
36
38
40
36
36
37
39
38
35
36
32
33
36
38
37
39
36
35
35
37
41
38
35
36
37
35
32
38
37
36
36
39
38
36
37
35
35
36
32
38
37
34
32
37
30
35
34
36
36
38
36
41
31
32
37
32
32
34
33
38
33
70
29
31
33
33
34
34
32
33
36
33
34
33
33
35
35
35
35
36
35
34
36
34
32
34
34
37
37
38
33
34
34
35
31
32
34
36
35
33
37
34
35
35
36
33
34
36
33
35
35
36
35
31
34
34
33
36
34
35
34
38
32
40
34
33
34
33
36
33
39
35
35
35
35
35
34
36
34
36
35
35
35
33
35
36
35
33
37
33
35
35
35
35
36
36
41
31
35
32
32
35
34
34
34
35
34
34
34
34
37
39
36
37
33
29
33
32
31
33
33
35
35
34
37
34
36
34
35
36
35
37
36
34
36
33
31
32
32
31
33
33
37
34
35
34
35
77
28
32
32
37
32
33
35
34
40
32
31
33
33
33
37
35
33
32
35
35
35
34
34
33
35
34
32
33
33
34
32
36
33
34
34
32
35
35
35
33
34
34
32
34
35
35
32
36
35
35
35
35
36
36
37
29
32
34
33
34
34
35
34
34
35
34
35
42
33
31
33
36
35
32
33
73
39
33
31
33
32
33
34
34
35
34
35
34
34
35
36
36
34
39
34
32
32
35
34
31
35
33
32
34
33
35
33
34
37
34
34
36
35
29
33
34
35
32
33
35
31
32
34
34
33
32
33
33
34
34
35
34
35
37
31
33
33
34
